'epsilon': np.linspace(0, 2, 32),
'gamma': np.logspace(-10, 8, 32, base=2)

weighted 
weight = np.absolute(target - 6) + 1
return np.power(weight * 4, 2)

red-max-abs-scaled
Time: 50.11223769187927
Best Parameters: {'C': 8.4379419061256904, 'epsilon': 0.12903225806451613, 'gamma': 0.036544711424927732}
Score: 0.829300181488
red-unscaled
Time: 69.23191356658936
Best Parameters: {'C': 8.4379419061256904, 'epsilon': 0.45161290322580644, 'gamma': 0.0021841540394758508}
Score: 0.846769539223
white-max-abs-scaled
Time: 329.61474418640137
Best Parameters: {'C': 8.4379419061256904, 'epsilon': 0.64516129032258063, 'gamma': 0.91444464266725156}
Score: 0.667753378637
white-unscaled
Time: 469.122563123703
Best Parameters: {'C': 8.4379419061256904, 'epsilon': 1.4193548387096775, 'gamma': 0.0009765625}
Score: 0.684049161805
combined-max-abs-scaled
Time: 544.8222284317017
Best Parameters: {'C': 8.4379419061256904, 'epsilon': 1.2903225806451613, 'gamma': 4.5742917588637919}
Score: 0.676354152445
combined-unscaled
Time: 820.0823769569397
Best Parameters: {'C': 8.4379419061256904, 'epsilon': 0.77419354838709675, 'gamma': 0.0009765625}
Score: 0.622849623269
red-max-abs-scaled
mean absolute error: 0.52355787158
score: 0.561510346379
Confusion matrix, without normalization
[[  1   0   2   0   0   0   0]
 [  0  12   5   2   0   0   0]
 [  1   0 196  10   1   0   0]
 [  0   2  27 159   2   0   0]
 [  0   0   2  19  35   0   0]
 [  0   0   0   2   2   0   0]
 [  0   0   0   0   0   0   0]]
Normalized confusion matrix
[[ 0.33333333  0.          0.66666667  0.          0.          0.          0.        ]
 [ 0.          0.63157895  0.26315789  0.10526316  0.          0.          0.        ]
 [ 0.00480769  0.          0.94230769  0.04807692  0.00480769  0.          0.        ]
 [ 0.          0.01052632  0.14210526  0.83684211  0.01052632  0.          0.        ]
 [ 0.          0.          0.03571429  0.33928571  0.625       0.          0.        ]
 [ 0.          0.          0.          0.5         0.5         0.          0.        ]
 [ 0.          0.          0.          0.          0.          0.          0.        ]]
red-unscaled
mean absolute error: 0.589366510058
score: 0.585544901721
Confusion matrix, without normalization
[[  2   0   2   0   0   0   0]
 [  0   8   2   4   0   0   0]
 [  0   2 195   3   4   0   0]
 [  0   4  27 150   6   2   0]
 [  0   1   4  14  45   1   0]
 [  0   0   0   3   1   0   0]
 [  0   0   0   0   0   0   0]]
Normalized confusion matrix
[[ 0.5         0.          0.5         0.          0.          0.          0.        ]
 [ 0.          0.57142857  0.14285714  0.28571429  0.          0.          0.        ]
 [ 0.          0.00980392  0.95588235  0.01470588  0.01960784  0.          0.        ]
 [ 0.          0.02116402  0.14285714  0.79365079  0.03174603  0.01058201
   0.        ]
 [ 0.          0.01538462  0.06153846  0.21538462  0.69230769  0.01538462
   0.        ]
 [ 0.          0.          0.          0.75        0.25        0.          0.        ]
 [ 0.          0.          0.          0.          0.          0.          0.        ]]
white-max-abs-scaled
mean absolute error: 0.597700808442
score: 0.567471820901
Confusion matrix, without normalization
[[  2   0   1   1   0   0   0]
 [  0  28  14   4   0   0   0]
 [  1   3 389  34  12   0   1]
 [  0   8  36 569  26  13   0]
 [  0   1  13  52 195   4   0]
 [  0   0   2  15  21  23   1]
 [  0   0   0   0   1   0   0]]
Normalized confusion matrix
[[ 0.5         0.          0.25        0.25        0.          0.          0.        ]
 [ 0.          0.60869565  0.30434783  0.08695652  0.          0.          0.        ]
 [ 0.00227273  0.00681818  0.88409091  0.07727273  0.02727273  0.
   0.00227273]
 [ 0.          0.01226994  0.05521472  0.87269939  0.0398773   0.01993865
   0.        ]
 [ 0.          0.00377358  0.0490566   0.19622642  0.73584906  0.01509434
   0.        ]
 [ 0.          0.          0.03225806  0.24193548  0.33870968  0.37096774
   0.01612903]
 [ 0.          0.          0.          0.          1.          0.          0.        ]]
white-unscaled
mean absolute error: 0.646345852591
score: 0.44321811144
Confusion matrix, without normalization
[[  0   0   0   2   0   0   0]
 [  0  20  12  15   2   0   0]
 [  0   1 328  80  23   1   0]
 [  0   6  20 612  25   3   0]
 [  0   0  10  55 199   0   0]
 [  0   0   1  18  20  14   0]
 [  0   0   0   1   2   0   0]]
Normalized confusion matrix
[[ 0.          0.          0.          1.          0.          0.          0.        ]
 [ 0.          0.40816327  0.24489796  0.30612245  0.04081633  0.          0.        ]
 [ 0.          0.00230947  0.75750577  0.18475751  0.05311778  0.00230947
   0.        ]
 [ 0.          0.00900901  0.03003003  0.91891892  0.03753754  0.0045045
   0.        ]
 [ 0.          0.          0.03787879  0.20833333  0.75378788  0.          0.        ]
 [ 0.          0.          0.01886792  0.33962264  0.37735849  0.26415094
   0.        ]
 [ 0.          0.          0.          0.33333333  0.66666667  0.          0.        ]]
combined-max-abs-scaled
mean absolute error: 0.654834584615
score: 0.29998504881
Confusion matrix, without normalization
[[  0   2   5   2   1   0   0]
 [  0  23  20  23   2   0   0]
 [  1   7 548  71  17   1   0]
 [  3  14  68 727  32   5   0]
 [  0   0  10  73 226   3   0]
 [  0   0   3  14  28  14   0]
 [  0   0   0   0   2   0   0]]
Normalized confusion matrix
[[ 0.          0.2         0.5         0.2         0.1         0.          0.        ]
 [ 0.          0.33823529  0.29411765  0.33823529  0.02941176  0.          0.        ]
 [ 0.00155039  0.01085271  0.8496124   0.11007752  0.02635659  0.00155039
   0.        ]
 [ 0.00353357  0.01648999  0.08009423  0.85630153  0.0376914   0.00588928
   0.        ]
 [ 0.          0.          0.03205128  0.23397436  0.72435897  0.00961538
   0.        ]
 [ 0.          0.          0.05084746  0.23728814  0.47457627  0.23728814
   0.        ]
 [ 0.          0.          0.          0.          1.          0.          0.        ]]
combined-unscaled
mean absolute error: 0.631259940874
score: 0.407662313697
Confusion matrix, without normalization
[[  1   0   3   1   0   0   0]
 [  0  34  11  10   1   0   0]
 [  1   4 551  57  18   0   0]
 [  0  15  68 728  43  13   2]
 [  0   2  30  39 250   0   0]
 [  0   0   1  21  18  25   0]
 [  0   0   0   0   0   0   0]]
Normalized confusion matrix
[[ 0.2         0.          0.6         0.2         0.          0.          0.        ]
 [ 0.          0.60714286  0.19642857  0.17857143  0.01785714  0.          0.        ]
 [ 0.00158479  0.00633914  0.87321712  0.09033281  0.02852615  0.          0.        ]
 [ 0.          0.01726122  0.07825086  0.83774453  0.04948216  0.01495972
   0.0023015 ]
 [ 0.          0.00623053  0.09345794  0.12149533  0.7788162   0.          0.        ]
 [ 0.          0.          0.01538462  0.32307692  0.27692308  0.38461538
   0.        ]
 [ 0.          0.          0.          0.          0.          0.          0.        ]]